q0p0g0
----
	6.708
	5.831
	8.944
	11.314
	9.055
	10.630
	4.472
	5.000
	8.062
	2.236
	8.944
	10.630
	7.211
	8.062
	11.402
	11.402
	5.385
	5.000
	9.487
	9.220
	6.083
	3.606
	11.402
	8.246
	7.280
	8.062
	8.944
	7.616
	12.728
	3.162
	7.071
	7.280
	7.280
	10.000
	10.296
	8.944
	6.403
	6.083
	6.083
	5.831
	8.062
	11.402
	8.062
	8.944
	9.220
	6.083
	6.403
	7.280
	10.000
	8.944
	6.083
	8.944
	12.042
	7.071
	5.831
	10
	5.831
	11.402
	2.828
	4.242
	1.414
	11.402
	8.602
	7.071
	3.162
	9.220
	5
	9.849
	4.472
	6.325
	9.220
	10.630
	9.055
	10
	9.220
	6.708
	10.630
	9.899
	5
	3.162
	9.487
	8.544
	7.280
	2.236
	8.062
	7.616
	10.296
	5.385
	11.402
	5.831
	7.071
	9.055
	6.325
	9.487
	6.403
	2.236
	7.071
	11.314
	11.402
	9.220
	6.325
	6.325
	7.810
	5.099
	10
	7.810
	7.616
	10.817
	8.062
	9.220
	9.220
	12.042
	10
	8.602
	3.606
	12.042
	6.403
	9.487
	11.402
	9.849
	12.728
	7.071
	5.099
	5.831
	6.403
	2.236
	5.657
	5.099
	8.544
	10
	3.606
	4.472
	7.810
	4.472
	9.849
	2.236
	10.817
	6.403
	5.385
	6.708
	10.817
	10.000
	10.817
	5.831
	3.606
	9.434

q0p1g0
----
	9.055
	6.083
	9.849
	4.123
	8.602
	8.944
	7.211
	7.211
	11.402
	5.099
	6.325
	2.236
	5.000
	10.817
	12.042
	8.062
	9.434
	5.385
	5.099
	11.402
	9.220
	7.280
	11.402
	5.385
	9.849
	4.243
	3.162
	10.630
	7.616
	9.434
	6.708
	5.657
	9.055
	5.000
	7.280
	7.071
	8.544
	7.071
	6.403
	6.083
	5.657
	9.899
	3.162
	11.402
	6.708
	5
	8.246
	12.042
	8.062
	4.243
	6.708
	7.280
	7.280
	9.220
	6.708
	8.544
	9.434
	8.602
	6.708
	10.630
	4.243
	12.728
	8.246
	5.385
	5.000
	9.220
	10.296
	2.236
	10.296
	7.616
	5.100
	6.708
	8.602
	12.042
	9.055
	8.062
	6.403
	11.314
	12.728
	3.162
	5.000
	9.899
	8.602
	5.099
	5.831
	10
	5.831
	1.414
	5.831
	4.243
	5.385
	7.810
	9.899
	9.220
	8.062
	8.485
	10.630
	4.123
	3.162
	8.485
	8.062
	3.162
	5.657
	3.606
	10.630
	4.472
	4.472
	9.220
	6.708
	6.083
	9.849
	12.042
	10.817
	11.402
	5.831
	3.162
	10.817
	3.162
	3.606
	9.487
	5
	8.944
	9.487
	10.296
	10.296
	5.099
	8.246
	2.236
	9.434
	3.162
	8.485
	10.296
	11.402
	12.042
	7.810
	12.042
	6.708
	7.211
	11.314
	6.325
	3.162
	9.055
	9.487
	11.402
	11.402
	8.062

q0p2g0
----
	60.745
	35.468
	122.115
	46.648
	77.897
	92.079
	32.249
	36.056
	91.924
	11.402
	56.569
	23.770
	36.056
	87.207
	137.295
	91.924
	50.804
	26.926
	48.374
	105.119
	56.080
	26.249
	130
	44.407
	71.701
	34.205
	28.284
	80.957
	96.933
	29.833
	47.434
	41.183
	65.924
	50.000
	74.953
	63.246
	54.708
	43.012
	38.949
	35.468
	45.607
	112.872
	25.495
	101.980
	61.847
	30.414
	52.802
	87.664
	80.623
	37.947
	40.804
	65.115
	87.664
	65.192
	39.115
	85.440
	55.009
	98.081
	18.111
	45.100
	6
	145.121
	70.937
	38.079
	15.811
	85
	51.478
	22.023
	46.043
	48.166
	47.011
	71.309
	77.897
	120.416
	83.487
	54.083
	68.066
	112
	63.640
	10
	47.434
	84.581
	62.626
	11.402
	47.011
	76.158
	60.033
	7.616
	66.483
	24.739
	38.079
	70.725
	62.610
	87.464
	51.621
	18.974
	75.166
	46.648
	114.018
	78.230
	50.990
	20.000
	44.181
	18.385
	106.301
	34.927
	34.059
	99.725
	54.083
	52.086
	90.802
	145
	108.167
	98.082
	21.024
	12.172
	69.260
	30.000
	41.110
	93.434
	63.640
	63.246
	48.374
	60.033
	65.924
	11.402
	46.648
	11.402
	80.604
	31.623
	30.594
	46.043
	89.051
	53.852
	76.922
	26.926
	72.560
	46.174
	60.926
	42.426
	34.205
	90.554
	102.616
	66.483
	41.11
	76.059

q0p3g0
----
	-3+6i
	5+3i
	8-4i
	8+8i
	-9-i
	8+7i
	2-4i
	-3-4i
	8+i
	-1-2i
	4-8i
	7+8i
	-6+4i
	-4+7i
	7+9i
	7+9i
	-5-2*i
	4+3i
	3-9i
	7-6i
	1-6i
	-3+2i
	9-7i
	8+2i
	2-7i
	-4+7i
	-4+8i
	7-3i
	9+9i
	1-3i
	-7+i
	2-7i
	sqrt(53)
	8+6i
	-9-5*i
	-8+(4*i)
	5+4i
	-1+6i
	1+6i
	3-5i
	7-4i
	9-7i
	-1+8i
	4-8i
	2-9i
	-6-i
	-5+4i
	-2-7i
	-6+8i
	4+8i
	-6+i
	4-8*i
	8+9i
	-1+7i
	5+3i
	-6+8i
	-3 +5i
	7+9*i
	2+2i
	3+3i
	1-i
	-7+9i
	7-5*i
	1-7i
	-3-i
	-7+6i
	4+3i
	-4+9i
	-4+2i
	-2-6i
	7+6i
	8-7i
	-1-9i
	-6-(8*i)
	9+2i
	6 - 3i
	-7+8i
	7-7i
	3+4i
	3-i
	-3+9i
	-8+3i
	2+7i
	-1+2i
	8+i
	7+3i
	5+9i
	5+2i
	9-7i
	5-3i
	5-5i
	-1-9i
	2-6i
	9-3i
	-4+5i
	-1-2i
	1+7i
	8+8i
	9-7i
	6+7i
	2-6i
	-2+6i
	-5+6i
	1-5i
	6-8i
	5+6i
	-3+7i
	-2-9i
	-7-4i
	-9-2i
	-6+7i
	-9 -8i
	6+8i
	5-7i
	3-2i
	9-8i
	4+5i
	9+3i
	-9+7I
	-4-9i
	9+9i
	1+7i
	5-i
	-3-5i
	-4-5i
	1-2i
	4+4i
	5+i
	8-3i
	-8-6*i
	3+2i
	-4-2i
	-5-6i
	-2+4i
	9-4*i
	-1+2i
	6-9i
	-4-5i
	-2+5i
	3-6i
	-9-6i
	6-8i
	-9+6i
	-3-5i
	-2+3i
	-5-8i

q0p4g0
----
	45
	34
	80
	128
	82
	113
	20
	25
	63+16i
	5
	80
	113
	52
	65
	130
	130
	25-4*i
	25
	90
	85
	37
	13
	130
	68
	53
	65
	80
	58
	162
	10
	50
	53
	53
	100
	106
	80
	41
	37
	37
	34
	65
	130
	65
	80
	85
	37
	41
	53
	100
	80
	-37
	80
	145
	50
	34
	100
	34
	130
	8
	18
	2
	130
	74
	50
	10
	85
	25-24i
	97
	20
	40
	85
	113
	82
	8-(9*i)
	85
	45
	113
	70
	25
	10
	90
	73
	53
	5
	65
	58
	106
	29
	130
	34
	50
	82
	40
	90
	41
	5
	50
	128
	130
	85
	40
	40
	61
	26
	100
	61
	58
	117
	65
	77
	85
	145
	100
	94
	13
	145
	41
	90
	130
	97
	162
	50
	26
	34
	41
	5
	32
	26
	79
	100
	13
	20
	61
	20
	97
	5
	117
	41
	29
	45
	117
	100
	117
	34
	13
	89

q1p0g0
----
	12.728
	12.728
	12.728
	5.657
	8.485
	4.243
	7.071
	7.071
	9.899
	12.728
	8.485
	9.899
	1.414
	9.899
	4.243
	11.314
	7.071
	11.314
	11.314
	2.828
	7.071
	9.899
	5.657
	2.828
	5.657
	7.071
	8.485
	8.485
	11.314
	2.828
	12.728
	11.314
	8.485
	4.243
	1.414
	2.828
	8.485
	5.657
	2.828
	4.243
	2.828
	12.728
	8.485
	11.314
	9.899
	4.243
	8.485
	7.071
	2.828
	2.828
	5.657
	4.243
	4.243
	5.657
	9.899
	9.899
	7.071
	11.314
	4.243
	1.414
	5.657
	7.071
	11.314
	11.313
	12.728
	4.243
	11.314
	2.828
	9.899
	2.828
	11.314
	7.071
	11.314
	2.828
	9.899
	7.071
	7.071
	2.828
	9.899
	9.899
	4.243
	11.314
	12.728
	2.828
	2.828
	8.485
	12.728
	11.314
	7.071
	4.243
	9.899
	12.728
	2.828
	2.828
	11.314
	9.899
	4.243
	5.657
	12.728
	5.657
	2.828
	8.485
	12.728
	2.828
	2.828
	11.314
	2.828
	7.071
	11.314
	12.728
	7.071
	11.314
	7.071
	7.071
	7.071
	7.071
	4.243
	5.657
	12.728
	12.728
	12.728
	11.314
	5.657
	11.314
	2.828
	2.828
	4.243
	1.414
	1.414
	2.828
	5.659
	2.828
	5.657
	1
	5.657
	6.485
	11.314
	2.828
	8.485
	7.071
	5.657
	2.828
	11.314
	1.414
	4.243
	7.071
	7.071

q1p1g0
----
	0.785
	-1.557
	0.785
	0.785
	0.785
	0.785
	0.785
	-0.785
	-0.785
	-0.785
	-0.785
	0.785
	-0.785
	-0.785
	0.785
	0.785
	0.785
	0.785
	0.785
	0.785
	-0.785
	0.785
	-0.785
	-0.785
	0.785
	-0.785
	-0.785
	-1.571
	0.785
	0.785
	-0.785
	-0.785
	0.785
	0.785
	0.785
	0.785
	-0.785
	0.785
	0.785
	-0.785
	-0.785
	-0.785
	-0.785
	0.785
	0.785
	-0.785
	-0.785
	0.785
	-0.785
	-0.785
	0.785
	0.785
	0.785
	-0.785
	0.785
	0.785
	0.785
	-0.785
	-0.785
	-0.785
	0.785
	0.785
	-0.785
	0.785
	0.785
	-0.785
	2.356
	0.785
	-0.785
	-0.785
	0.785
	-0.785
	0.785
	0.785
	0.785
	0.785
	-0.785
	0.785
	-0.785
	0.785
	-0.785
	0.785
	0.785
	-0.785
	0.785
	0.785
	0.785
	0.785
	-0.785
	0.785
	0.785
	-0.785
	-0.785
	-0.785
	-0.785
	0.785
	0.785
	0.785
	0.785
	0.785
	-0.785
	-0.785
	-0.785
	0.785
	-0.785
	0.785
	0.785
	0.785
	0.785
	-0.785
	0.785
	-0.785
	0.785
	0.785
	-0.785
	-0.785
	-0.785
	0.785
	0.785
	0.785
	-0.785
	-0.785
	0.785
	-0.785
	0.785
	0.785
	0.785
	-0.785
	-0.785
	0.785
	0.785
	0.785
	0.785
	3
	0.785
	-0.785
	0.785
	0.785
	0.785
	-0.785
	0.785
	0.785
	-0.785
	-0.785
	0.785
	0.785
	0.785

q2p0g0
----
	0.444
	0.333
	2.250
	0.157
	3.5
	0.625
	9.000
	0.500
	0.333
	2.000
	3.000
	1
	0.444
	4
	0.125
	1.500
	1.286
	0.500
	2.000
	4
	1
	4.000
	0.041
	1.286
	2
	0.750
	3.000
	2.250
	1.000
	1
	3.000
	1.600
	0.857
	0.800
	1.500
	2.333
	0.25
	2.000
	0.714
	1.143
	2.500
	0.857
	2
	0.200
	1.333
	0.833
	0.2
	2.333
	0.167
	0.444
	0.875
	0.500
	0.25
	0.857
	0.625
	0.500
	0.800
	0.250
	6
	1.200
	1.333
	1.886
	1.400
	1.313
	7
	2
	1
	1.500
	0.889
	0.200
	1.333
	1.167
	0.667
	9
	2.500
	1.200
	2.250
	1.125
	0.667
	0.5
	1.600
	0.250
	0.750
	0.500
	0.571
	0.707
	3
	0.444
	1.2
	1.000
	0.375
	0.143
	0.571
	1.750
	1.167
	3.500
	0.875
	0.4
	1.000
	1.143
	2
	0.222
	0.667
	1.8
	1
	0.143
	0.400
	0.600
	4
	3.300
	1.125
	0.111
	0.5
	0.667
	0.286
	2.667
	0.75
	2.250
	4
	0.125
	1.000
	2
	1.167
	1
	1
	0.167
	0.800
	0.250
	1.125
	1
	1.250
	1.5
	1.286
	0.889
	0.333
	3.00
	3.000
	0.286
	0.875
	0.875
	1.000
	4.000
	0.500
	2.500
	1
	0.714

q2p1g0
----
	1.571
	1.571
	0.953
	0.785
	1.571
	1.571
	1.571
	1.571
	1.571
	1.571
	1.571
	1.571
	1.571
	1.571
	1.571
	1.571
	3.142
	1.571
	1.571
	1.571
	1.571
	1.571
	1.571
	1.571
	1.571
	1.571
	1.571
	0.000
	1.571
	1.571
	1.571
	1.571
	1.571
	1.571
	1.571
	1.571
	1.571
	1.571
	1.571
	1.571
	1.571
	1.571
	1.571
	1.571
	1.571
	1.571
	1.571
	1.571
	0.157
	1.571
	1.571
	1.571
	1.571
	1.571
	1.571
	1.571
	-1.000
	1.571
	1.571
	1.571
	1.571
	0.785
	1.571
	1.571
	0.571
	1.571
	1.571
	1.571
	1.571
	3.142
	1.571
	1.571
	1.571
	1.571
	1.571
	1.571
	1.571
	1.571
	0.588
	-1.571
	1.571
	1.571
	1.571
	1.571
	1.571
	0.785
	1.571
	1.571
	1.571
	1.571
	1.571
	1.571
	1.571
	1.571
	3.142
	1.571
	1.571
	1.571
	1.571
	1.571
	1.571
	1.571
	1.571
	1.571
	1.571
	1.571
	1.571
	1.571
	1.571
	0.785
	1.571
	1.571
	1.571
	1.571
	1.571
	1.571
	1.571
	1.571
	1.571
	1.571
	1.571
	1.107
	1.571
	1.571
	1.571
	1.571
	1.571
	1.571
	1.571
	1.571
	1.571
	1.571
	1.571
	1.571
	1.571
	1.571
	1.571
	1.571
	1.571
	1.571
	1.571
	1.571
	1.571
	1.571
	1.571
	1.571

q3p0g0
----
	6.606
	1.000
	5.385
	3.000
	2
	6.403
	2.236
	5.831
	3.162
	5.385
	3.000
	5
	1.000
	3.606
	4.472
	3.606
	5.831
	5.100
	4.000
	3.162
	1
	2
	5.831
	5.657
	3.606
	3.606
	5.000
	5.000
	3.000
	4
	3.000
	2.000
	3.606
	1.000
	5.000
	2.236
	5
	4.000
	3.606
	1.000
	4
	7.071
	4.472
	2.236
	5.099
	2.236
	4.472
	4.123
	6.403
	5.099
	1.414
	4.123
	3.162
	2
	5
	1.414
	5.385
	6.403
	3.162
	3
	3.162
	1
	5.831
	1.414
	2.236
	4.123
	5.385
	6.403
	5.099
	5.000
	5.831
	5
	4.000
	1
	4
	3.162
	4.243
	1.414
	4.243
	5.385
	5.385
	2.236
	5.831
	2.236
	5.000
	5.385
	3.162
	5.000
	4
	5.099
	5.099
	2.000
	2.236
	5.831
	6.403
	6.403
	5.385
	2.236
	7.071
	3.162
	2.236
	5.000
	4
	5
	4.472
	6.403
	5.385
	5.099
	5.000
	5
	6.403
	3.606
	6.403
	6.403
	4
	4
	1
	3.606
	1
	4.472
	5.099
	3
	3.162
	2
	2
	5.831
	3.606
	4
	3.606
	2.236
	5
	4
	5
	4.123
	1
	5.099
	3.606
	6.403
	5.000
	4.123
	5.385
	5.831
	3.162
	2.000
	4
	3.606

q3p1g0
----
	2.159
	0.000
	1.951
	-1.571
	0
	0.896
	-1.107
	-0.540
	2.820
	-1.190
	0.000
	1.571
	0
	-2.356
	1.107
	-0.588
	0.540
	-0.197
	0
	-0.322
	0
	1.571
	2.601
	-2.356
	-0.983
	2.554
	2.498
	3.142
	0.000
	-1.571
	-1.571
	4.712
	0.983
	-1.571
	0.000
	-2.034
	-1.571
	1.571
	-0.787
	3.142
	1.571
	-2.356
	-2.034
	-2.678
	-2.944
	-0.464
	0.464
	2.897
	-2.467
	1.373
	-2.356
	-1.326
	-2.82
	-1.571
	1.571
	-0.785
	0.381
	51.340
	0.322
	3.142
	1.249
	3.14
	-1.030
	-2.356
	1.107
	0.245
	-1.190
	-0.675
	2.944
	3.142
	2.457
	-1.571
	0.000
	1.571
	0.000
	1.249
	2.356
	2.356
	-0.785
	0.381
	0.381
	1.107
	0.540
	2.678
	-0.644
	-0.381
	-1.893
	0.927
	3.142
	-0.197
	-2.944
	-1.571
	2.034
	-0.785
	0.675
	-2.356
	0.381
	-1.107
	-0.785
	-1.893
	-0.464
	2.214
	0
	0
	0.464
	0.896
	1.951
	1.768
	-1.571
	2.498
	0.675
	0.983
	0.675
	-0.896
	0
	-1.571
	3.142
	0.983
	1.571
	2.034
	-2.944
	1.249
	1.893
	0
	1.571
	1.030
	-2.159
	0
	2.554
	2.678
	3.142
	1.571
	-1.571
	-1.326
	-1.571
	1.373
	2.554
	-0.675
	-1.571
	-0.245
	0.381
	2.601
	1.893
	-1.571
	-1.325
	-0.588

q4p0g0
----
	i
	i
	i
	i
	i
	i
	0+i(1)
	i
	i
	i
	i
	i
	i
	i
	i
	i
	i
	i
	i
	i
	i
	i
	i
	i
	i
	i
	i
	i
	i
	i
	i
	0+i
	i
	i
	i
	i
	i
	i
	i
	i
	i
	i
	i
	i
	i
	i
	i
	0+i
	i
	i
	i
	i
	i
	i
	1
	i
	i
	0+1*i
	i
	i
	i
	i
	0+i
	i
	i
	i
	i
	i
	i
	i
	i
	i
	i
	(0*x)+(i*y)
	i
	i
	i
	i
	0+i
	i
	i
	i
	i
	i
	i
	0+1i
	i
	i
	i
	i
	i
	i
	i
	i
	i
	i
	i
	i
	i
	i
	i
	i
	i
	i
	i
	i
	i
	i
	i
	i
	i
	0 + i
	i
	i
	i
	i
	i
	i
	0+i
	i
	i
	i
	i
	i
	i
	i
	i
	i
	i
	i
	i
	i
	0+1i
	i
	i
	i
	i
	i
	i
	i
	i
	i
	0+1i
	i
	i
	i

q4p1g0
----
	-1
	-1
	1
	1
	-1
	i
	0+i(-1)
	-i
	i
	i
	i
	-i
	-i
	1
	i
	i^4
	-1
	-1
	1
	-1
	-1
	1
	-1
	-1
	-1
	1
	1
	1
	-i
	-1
	-i
	0-i
	-1
	i
	-1
	-1
	-i
	1
	i
	1
	-i
	i
	-i
	1
	-i
	-i
	-i
	0+i
	-i
	-i
	1
	-1
	1
	i
	1
	-1
	-i
	-1
	i
	1
	1
	1
	i
	-i
	1
	-i
	1
	-i
	i
	-i
	-i
	i
	i
	x+(0*y)
	-i
	-i
	1
	i
	-i
	1
	-1
	-i
	-1
	-i
	i^3
	1
	-1
	i
	-i
	-1
	1
	i
	-i
	1
	-i
	1
	i
	1
	-1
	1
	-1
	-1
	1
	i
	-1
	1
	-1
	1
	1
	-i
	-1
	-1 
	-i
	-i
	-1
	1
	i
	i
	-1
	-1
	-1
	-1
	-1
	-i
	1
	i
	-i
	-1/2
	i
	-i
	-1
	-i
	-i
	-i
	-i
	i
	i
	i
	i
	i
	-i
	-1
	i
	1
	-i
	i

q4p2g0
----
	1
	-i
	-i
	i
	1
	i
	-1
	-1
	-i
	-1
	-1
	i
	i
	-i
	i
	i^7004
	-i
	1
	-i
	-1
	i
	-i
	-i
	1
	i
	-i
	1
	1
	1
	-i
	-i
	0+i
	-1
	1
	-1
	-1
	1
	1
	i
	-i
	-i
	-i
	-i
	1
	1
	i
	-1
	1
	-i
	-i
	-1
	-1*i
	1
	-i
	1
	-1
	-1
	i
	-i
	1
	i
	i
	i
	-i
	-i
	1
	i
	1
	1
	-1
	-i
	1
	i
	(0*x)+(i*y)
	-1
	i
	-1
	i
	-1
	i
	-i
	i
	-i
	1
	i^7002
	i
	-1
	-i
	-1
	-i
	-i
	-i
	-1
	-1
	i
	i
	1
	-1
	1
	i
	-1
	1
	-1
	-i
	i
	-i
	-i
	i
	-i
	-i
	-1
	1
	-i
	-i
	1
	1
	i
	i
	-1
	i
	-1
	1
	i
	1
	-i
	-1
	1
	-1/2
	i
	-i
	-1
	1
	1
	-1
	-1
	-i
	1
	i
	-i
	-i
	-i
	i
	-i
	-i
	-i
	-1

